Car 1.00 0 -2.45 1077.71 205.78 1241.00 374.00 1.42 1.66 3.71 2.86 1.56 1.57 -1.46
Car 0.23 0 -1.75 924.07 136.19 1241.00 374.00 1.75 1.84 4.43 4.23 1.53 7.09 -1.23
Car 0.00 0 -1.58 530.61 162.61 585.88 223.22 1.98 1.80 4.54 -1.93 1.67 26.04 -1.65
Car 0.00 1 -0.54 833.86 127.39 1087.03 223.36 2.66 2.13 6.64 10.32 1.39 21.56 -0.10
Car 0.00 0 -1.33 318.14 182.80 401.33 229.76 1.48 1.71 4.65 -8.76 1.84 25.53 -1.66
Car 0.00 0 -1.18 214.55 166.45 318.87 230.67 2.04 1.66 4.62 -11.97 1.87 25.43 -1.62
Car 0.00 0 -1.51 455.90 171.22 499.06 205.38 1.42 1.64 3.95 -5.92 1.38 32.39 -1.69
Car 0.00 0 -1.85 692.53 171.83 770.72 215.35 1.51 1.72 4.50 4.50 1.51 27.59 -1.69
Car 0.00 1 -1.62 573.97 163.73 607.83 193.30 1.70 1.80 4.50 -1.24 1.20 44.05 -1.65
Car 0.00 0 1.46 610.16 149.12 646.04 187.52 2.75 2.04 6.05 1.30 1.08 55.01 1.48
Car 0.00 1 -1.90 745.82 166.87 827.42 212.81 1.64 1.73 4.43 6.77 1.46 28.28 -1.66
Car 0.32 3 0.82 1119.45 132.29 1241.00 202.96 2.53 2.26 5.42 23.38 1.10 28.62 1.50
Car 0.00 1 1.53 566.29 136.24 602.63 190.21 3.57 2.25 7.97 -1.95 1.19 51.93 1.49
Car 0.00 1 -1.02 37.15 187.20 172.25 237.32 1.53 1.61 4.73 -17.54 2.06 25.31 -1.62
Car 0.76 1 -0.98 0.00 192.82 32.87 233.67 1.40 1.56 3.48 -22.11 2.13 25.07 -1.70
