Cyclist 0.00 0 -1.28 838.53 158.11 909.82 282.09 1.80 0.56 1.79 4.15 1.59 11.35 -0.94
Pedestrian 0.00 0 2.92 750.80 158.88 775.67 244.47 1.84 0.72 0.50 3.32 1.55 15.92 3.12
Pedestrian 0.00 0 1.07 1051.40 206.74 1121.20 305.32 1.14 0.51 0.50 5.71 1.56 8.74 1.63
Pedestrian 0.00 2 0.99 1109.63 211.83 1182.22 302.06 1.05 0.50 0.51 6.52 1.54 8.85 1.61
Pedestrian 0.00 1 1.59 1140.13 150.25 1196.95 291.45 1.85 0.65 0.55 7.60 1.56 9.87 2.23
Pedestrian 0.00 0 -0.68 942.18 164.33 976.09 257.97 1.71 0.57 0.51 6.45 1.56 13.54 -0.24
Pedestrian 0.00 0 1.29 915.64 165.00 944.13 248.01 1.69 0.39 0.51 6.58 1.53 14.94 1.70
Pedestrian 0.00 0 -1.18 300.23 168.24 329.35 240.01 1.70 0.45 1.06 -7.30 1.60 17.64 -1.57
Pedestrian 0.00 0 0.28 371.50 167.07 402.27 237.97 1.80 0.70 0.58 -5.82 1.66 18.71 -0.01
Car 0.00 1 -1.31 557.06 153.43 615.14 199.19 2.46 2.03 5.35 -1.31 1.45 41.74 -1.34
