Car 0.62 0 -2.52 0.00 173.65 195.03 357.13 1.63 1.55 3.35 -6.29 1.66 7.14 3.06
Car 0.13 1 2.64 911.65 192.60 1241.00 304.04 1.34 1.52 3.99 6.34 1.63 9.70 -3.08
Car 0.00 2 -0.36 870.40 173.95 1124.69 277.94 1.63 1.53 3.45 6.36 1.67 12.22 0.11
Car 0.00 1 2.81 753.10 169.28 931.98 237.14 1.76 1.71 4.40 6.34 1.69 20.08 3.11
Car 0.00 2 0.39 199.25 144.61 411.64 250.24 2.22 1.68 4.08 -6.80 1.64 16.29 -0.00
Car 0.00 0 -1.67 646.44 150.83 709.27 213.89 2.33 1.96 6.11 2.66 1.55 29.98 -1.58
Car 0.00 1 -2.89 355.77 174.28 487.75 217.68 1.46 1.61 4.31 -6.71 1.54 25.87 3.14
Car 0.00 2 -3.07 409.13 167.62 517.21 212.14 1.80 1.77 4.41 -6.24 1.61 30.94 3.02
Car 0.00 2 -1.62 629.28 156.21 665.74 198.62 2.57 1.99 6.64 2.37 1.60 47.45 -1.58
Car 0.00 2 0.11 503.69 158.80 567.01 189.89 2.86 1.88 5.81 -7.08 1.58 68.77 0.01
