Car 1.00 0 -2.80 1073.82 211.29 1241.00 374.00 1.44 1.69 4.45 2.81 1.57 0.80 -1.60
Car 0.07 0 -1.81 819.36 182.88 1134.44 374.00 1.42 1.66 3.71 3.10 1.54 7.03 -1.41
Car 0.95 3 -2.25 0.00 108.44 41.03 299.38 2.61 2.21 6.75 -11.76 1.76 9.49 -3.13
Car 0.67 3 0.75 0.00 186.80 82.20 249.98 1.46 1.77 4.59 -16.04 1.84 17.87 0.03
Car 0.00 2 -1.50 810.15 151.53 944.22 274.22 1.75 1.84 4.43 4.77 1.47 12.68 -1.15
Car 0.00 0 -1.61 576.37 161.28 622.13 209.79 1.98 1.80 4.54 -0.58 1.53 31.95 -1.63
Car 0.00 2 -0.45 822.02 131.86 1025.83 208.44 2.66 2.13 6.64 11.49 1.24 26.76 -0.05
Car 0.00 0 -1.38 408.05 176.44 468.22 213.20 1.48 1.71 4.65 -7.48 1.66 31.68 -1.61
Car 0.00 0 -1.26 329.85 163.17 402.40 213.57 2.04 1.66 4.62 -10.65 1.68 31.75 -1.58
Car 0.00 0 -1.53 510.70 168.27 545.26 196.81 1.42 1.64 3.95 -4.34 1.22 38.36 -1.64
Car 0.00 0 -1.82 710.31 166.79 773.15 202.57 1.51 1.72 4.50 5.90 1.28 33.02 -1.65
Car 0.00 0 1.46 642.45 148.20 674.76 182.83 2.75 2.04 6.05 4.02 0.82 60.71 1.53
Car 0.00 1 -1.86 756.22 165.66 821.99 203.78 1.64 1.73 4.43 8.22 1.36 33.61 -1.62
Car 0.00 1 1.54 602.17 136.43 633.95 184.70 3.57 2.25 7.97 0.55 0.91 57.66 1.55
Car 0.00 1 -1.11 193.27 177.50 284.18 215.46 1.53 1.61 4.73 -16.25 1.75 31.80 -1.58
Car 0.00 1 -1.08 95.32 181.60 177.45 215.69 1.40 1.56 3.48 -20.81 1.79 31.80 -1.66
