Cyclist 0.00 3 -1.49 1131.06 175.81 1188.40 291.07 1.81 0.65 1.63 9.38 1.74 11.98 -0.84
Pedestrian 0.00 0 -1.74 3.64 156.92 66.64 319.82 1.72 0.57 0.99 -6.36 1.47 8.00 -2.39
Pedestrian 0.05 0 1.44 165.45 147.34 261.45 369.00 1.79 0.79 0.96 -3.34 1.54 6.03 0.95
Cyclist 0.00 3 1.94 823.77 175.73 908.21 300.72 1.70 0.60 1.70 3.87 1.64 10.52 2.29
Cyclist 0.00 3 1.77 1004.90 191.72 1043.07 255.72 1.70 0.60 1.70 11.90 2.04 20.09 2.30
Pedestrian 0.00 1 1.40 604.00 173.54 616.67 215.95 1.96 0.69 0.50 0.23 1.64 33.05 1.41
Pedestrian 0.00 1 -1.99 619.48 175.40 633.48 211.70 1.65 0.58 0.80 0.93 1.42 32.76 -1.96
Cyclist 0.00 2 -0.75 874.07 188.33 914.35 229.16 1.83 0.69 1.71 13.50 2.22 33.01 -0.36
Pedestrian 0.00 1 0.07 967.45 184.13 981.12 224.88 1.77 0.73 0.70 16.35 1.94 31.37 0.55
Pedestrian 0.00 1 3.03 991.45 196.94 1013.78 238.55 1.76 0.77 0.87 17.37 2.49 30.83 -2.74
