Car 0.00 0 1.88 203.82 187.19 459.00 361.12 1.57 1.60 3.99 -3.07 1.77 8.72 1.55
Car 0.00 1 1.74 424.62 187.16 521.35 264.55 1.52 1.54 3.68 -3.05 1.87 16.50 1.56
Car 0.00 1 1.69 479.26 157.33 552.40 231.61 2.47 1.98 5.81 -3.42 1.99 27.10 1.57
Car 0.00 2 2.02 104.12 201.92 316.68 336.04 1.55 1.44 3.13 -5.64 2.03 10.52 1.54
Car 0.00 1 -0.28 693.45 171.43 933.39 263.55 1.62 1.65 4.14 3.75 1.63 13.92 -0.02
Car 0.00 2 -0.19 672.06 179.16 847.94 239.84 1.55 1.66 4.47 3.98 1.75 19.83 0.00
Car 0.00 1 -0.04 633.00 175.26 744.32 221.48 1.69 1.76 4.12 2.95 1.81 27.81 0.06
Car 0.00 1 1.67 527.30 171.53 572.57 212.53 2.13 1.91 6.40 -3.34 2.10 41.02 1.59
Car 0.00 2 -1.66 624.17 177.98 653.91 204.28 1.57 1.54 3.22 1.76 1.90 45.11 -1.63
Car 1.00 0 2.48 0.00 83.89 263.25 374.00 1.95 1.75 4.63 -2.99 1.65 2.01 1.56
