Car 0.00 0 -1.77 675.59 171.99 789.57 259.34 1.76 1.71 4.35 2.66 1.77 16.87 -1.62
Car 0.00 1 -2.57 55.98 182.73 335.49 286.27 1.52 1.58 3.61 -6.56 1.70 11.56 -3.08
Car 0.00 2 0.40 129.34 182.12 405.35 269.44 1.52 1.71 4.49 -6.47 1.72 13.90 -0.03
Car 0.00 2 -2.73 222.13 185.49 421.82 256.77 1.49 1.61 3.87 -6.47 1.80 16.33 -3.10
Car 0.00 2 0.27 331.19 168.77 486.61 232.58 1.95 1.64 4.57 -6.47 1.85 23.37 0.00
Car 0.00 2 -2.84 322.67 177.32 452.88 237.53 1.66 1.58 3.31 -6.47 1.81 21.11 -3.14
Car 0.00 2 -1.75 663.71 181.74 737.17 232.91 1.44 1.66 3.25 2.67 1.72 22.24 -1.63
Car 0.00 2 -2.89 362.21 169.59 473.21 224.73 1.87 1.61 3.53 -6.85 1.79 25.78 3.13
Car 0.00 2 -2.89 389.46 174.76 501.54 217.63 1.72 1.65 4.33 -6.92 1.83 30.47 -3.11
Car 0.00 2 -1.66 636.82 179.45 671.82 207.40 1.45 1.59 3.59 2.37 1.83 39.77 -1.60
Car 0.00 2 -1.67 653.78 180.36 707.72 223.76 1.54 1.67 3.72 2.62 1.84 27.74 -1.58
